	pid	ptlon	ptlat	tfl	insl	insw	x_rti	az	lort	llon1	llat1	stcr_l	rlon1	rlat1	stcr_r	llon2	llat2	rlon2	rlat2	vhalf	obsaz	predaz_morvel	predaz_tf	sigc	bias
UNN	1.0	171.27	-63.36	64.4	50	2	28.2	146	1	170.965	-63.146	1	171.686	-63.627	1	169.4003906	-63.4936896	173.0390625	-63.22570996	23.8	-56	-54.31	-55.42	1.32	-0.31
Pitman 	1.0	-170.78	-64.55	66.8	52	4	30.5	138	1	-171.190	-64.340	1	189.738	-64.789	1	184.8164063	-65.68000136	192.8847656	-63.27318217	27.6	-48	-47.51	-48	2.54	-0.80
Saint_Exupery 	1.0	-155.47	-62.25	46.6	40	4	23.5	127	1	204.188	-62.112	1	204.891	-62.374	1	202.6757813	-63.090781	208.7226563	-59.47187274	31.8	-37	-38.23	-38.45	3.30	-1.22
Le_Geographe 	1.0	-147.48	-57.63	67.3	55	4	33.5	122	1	212.045	-57.469	1	212.994	-57.798	1	209.6367188	-59.76524758	215.1738281	-55.64783887	35.5	-32	-31.95	-32.11	2.40	-0.93
Tharp 	1.0	-131.44	-54.52	464.5	280	12	213.5	113	1	-134.480	-53.800	1	-127.790	-55.360	1	224.8154297	-54.67891275	-127.45	-54.85	39.3	-23	-23.89	-23.78	1.42	-0.04
Heezen_1	1.0	-125.15	-55.31	387.2	250	8	155.1	111	1	-127.450	-54.850	1	-121.620	-56.000	1	-127.79	-55.36	239.2822266	-54.20358071	39.5	-21	-21.34	-21.09	1.06	-0.07
Heezen_2	1.0	-122.45	-55.85	391.7	75	6	337.3	109	1	-127.450	-54.850	1	-121.620	-56.000	1	-127.79	-55.36	239.2822266	-54.20358071	39.5	-19	-20.25	-19.94	2.64	-0.21
Raitt_1	1.0	-120.1	-54.34	85.1	75	3	42.9	110	1	239.282	-54.204	1	240.513	-54.470	2	-121.62	-56	240.5830078	-54.36775852	40.4	-20	-18.84	-18.51	1.32	-0.30
Raitt_2	1.0	-119.03	-54.45	63.6	48	2	26.7	108	1	240.583	-54.368	1	-118.490	-54.560	2	240.5126953	-54.47003761	242.3056641	-53.07818755	40.5	-18	-18.38	-18.03	1.38	-0.14
Menard 	1.0	-115.22	-49.58	205.3	120	6	103.9	105	1	-116.610	-49.340	2	-113.860	-49.820	2	-118.39	-52.97	-110.78	-35.53	42.8	-15	-15.85	-15.49	1.65	-0.52
Quebrada1	2.0	-102.86	-3.74	121.7	35	1.5	98.9	102	2	-103.751	-3.726	1	257.344	-3.781	2	-103.8851	-4.022002	-102.92	8.44	62.3	-12	-10.16	-10.84	1.42	-1.31
Quebrada2	2.0	-103.15	-3.71	121.7	23	1.5	66.8	102	2	-103.751	-3.726	1	257.344	-3.781	2	-103.8851	-4.022002	-102.92	8.44	62.3	-12	-10.36	-10.98	2.15	-0.56
Quebrada3	2.0	-103.38	-3.746	121.7	20	1.5	41.3	102	2	-103.751	-3.726	1	257.344	-3.781	2	-103.8851	-4.022002	-102.92	8.44	62.4	-12	-10.51	-11.09	2.48	-0.41
Quebrada4	2.0	-103.64	-3.756	121.7	20	1.5	12.9	102	2	-103.751	-3.726	1	257.344	-3.781	2	-103.8851	-4.022002	-102.92	8.44	62.4	-11	-10.69	-11.21	2.48	-0.38
Discovery1	2.0	256	-4.01	73.5	25.6	1.5	60.7	102	2	-104.546	-3.985	1	-103.885	-4.032	1	-104.65	-4.6	-103.75145	-3.726	62.7	-12	-10.9	-11.36	1.94	-0.16
Discovery2	2.0	-104.31	-4.012	73.5	29	1.5	26.5	98	2	-104.546	-3.985	1	-103.885	-4.032	1	-104.65	-4.6	-103.75145	-3.726	62.7	-8	-11.11	-11.5	1.71	-0.14
Gofar1	2.0	-104.96	-4.54	184.9	41	1.5	150.3	102	2	-106.315	-4.504	1	-104.650	-4.600	1	-107.12	-6.27	-104.54627	-3.9847422	63.1	-12	-11.49	-11.76	1.21	-0.16
Gofar2	2.0	-105.23	-4.59	184.9	20	1.5	120.7	102	2	-106.315	-4.504	1	-104.650	-4.600	1	-107.12	-6.27	-104.54627	-3.9847422	63.2	-12	-11.67	-11.88	2.48	-0.13
Gofar3	2.0	-105.85	-4.6	184.9	83	1.5	52.7	102	2	-106.315	-4.504	1	-104.650	-4.600	1	-107.12	-6.27	-104.54627	-3.9847422	63.3	-12	-12.08	-12.16	0.60	-0.24
Yaquina	2.0	-107.27	-6.23	33	25	2	15.8	103	2	-107.410	-6.200	1	-107.120	-6.270	1	-108.38	-9.21	-106.31512	-4.5036616	64.5	-13	-12.81	-12.67	2.64	-1.34
Wilkes	2.0	-109.19	-9.023	182.2	19	2	74.4	103	2	250.146	-8.870	1	251.774	-9.185	1	248.9106445	-13.51356485	-107.41	-6.2	66.3	-13	-13.7	-13.32	3.47	-0.46
Garret1	2.0	-112.13	-13.41	134.1	34	2	21	105	1	247.682	-13.360	2	248.911	-13.514	1	-114.52	-23.072	250.1455078	-8.869875057	68.9	-15	-15.01	-14.32	1.94	-1.31
Garret2	2.0	-111.8	-13.42	134.1	21	2	56.5	105	1	247.682	-13.351	2	248.911	-13.514	1	-114.52	-23.072	250.1455078	-8.869875057	68.9	-15	-14.81	-14.18	3.14	-0.72
Garret3	2.0	-111.53	-13.46	134.1	30	2	86	104	1	247.682	-13.351	2	248.911	-13.514	1	-114.52	-23.072	250.1455078	-8.869875057	68.8	-14	-14.65	-14.06	2.20	-0.76
Garret4	2.0	-111.25	-13.47	134.1	20	2	116.2	105	1	247.682	-13.351	2	248.911	-13.514	1	-114.52	-23.072	250.1455078	-8.869875057	68.8	-15	-14.48	-13.94	3.30	-1.31
Orozco 	3.0	-105.12	15.41	49.3	47	2	25.3	80	1	254.648	15.369	1	255.100	15.448	2	-105.785	18.46	256.4296875	10.27168123	42.3	10	9.08	9.67	1.41	1.49
Clipperton 	3.0	256.07	10.238	87.4	79.5	4	47.7	82	1	255.639	10.176	2	256.430	10.290	2	-104.165	8.385056	255.1003418	15.44838559	51.7	8	9.48	9.12	1.66	-0.61
Siquieros_1	3.0	-104.04	8.41	114.8	22	3	14	79	1	-104.165	8.385	2	-102.910	8.440	2	255.6386719	10.16139749	257.34375	-3.780944287	54.7	11	8.77	9.58	4.48	0.53
Siquieros_2	3.0	-103.67	8.38	114.8	32	2	54.5	80	1	-104.165	8.385	2	-102.910	8.440	2	255.6386719	10.16139749	257.34375	-3.780944287	54.8	10	9.35	9.12	2.06	0.45
Siquieros_3	3.0	-103.4	8.37	114.8	20	1	84.2	81.5	1	-104.165	8.385	2	-102.910	8.440	2	255.6386719	10.16139749	257.34375	-3.780944287	54.9	8.5	9.77	8.78	1.65	0.60
Siquieros_4	3.0	-103.19	8.38	114.8	13	2	107.3	77	1	-104.165	8.385	2	-102.910	8.440	2	255.6386719	10.16139749	257.34375	-3.780944287	55.0	13	10.1	8.52	5.05	0.94
Panama 	4.0	-82.6	4.15	302.2	160	6	207.9	358	1	277.321	6.018	2	277.427	3.303	1	277.5761719	6.070641131	277.0576172	3.311631155	30.9	92	90.44	92	1.24	0.03
85.3° 	4.0	-85.31	1.24	117.7	87	2	59.9	5	1	274.632	0.703	1	274.720	1.758	1	269.2705078	1.037052746	275.3349609	1.722396772	30.0	88	88.84	85	0.76	0.62
Vlamingh 	5.0	80.36	-41.47	130.1	100	2.5	65	47	1	79.794	-41.866	1	80.925	-41.068	1	78.60	-40.81	83.37	-42.89	31.5	43	42.97	42.95	0.83	0.40
Geelvinck 	5.0	84.3	-42.2	220.8	100	10	108.1	42	1	83.372	-42.890	1	85.199	-41.441	1	80.93	-41.07	85.33	-41.51	32.2	48	46.34	46.33	3.30	0.14
East_Geelvinck 	5.0	85.71	-41.18	84.6	50	2	48.5	42.5	1	85.331	-41.505	1	86.001	-40.943	1	85.20	-41.44	88.15	-42.16	32.2	47.5	47.93	47.91	1.32	0.34
88.43°E 	5.0	88.43	-41.9	69.6	61	4	37	40.5	1	88.147	-42.158	1	88.691	-41.677	2	86.00	-40.94	96.49	-45.28	32.7	49.5	50.06	50.07	2.17	1.07
95.73°E 	5.0	95.73	-45.93	102.8	19	3	9.5	36	2	95.664	-46.001	1	96.492	-45.277	2	96.28	-46.27	88.69	-41.68	34.0	54	55.13	55.14	5.23	-0.45
96.32°E 	5.0	96.296	-45.448	102.8	47	3	77.9	38	2	95.664	-46.001	1	96.492	-45.277	2	96.28	-46.27	88.69	-41.68	34.0	53	55.71	55.73	2.11	-0.97
96.15°E 	5.0	96.15	-46.43	56.8	40	8	36.4	30	2	95.880	-46.699	2	96.282	-46.272	1	99.33	-48.23	95.66	-46.00	34.1	60	55.37	55.37	6.53	-0.37
100.0°E 	5.0	99.8	-47.71	136.7	120	3	67.6	31.5	1	99.325	-48.231	2	100.279	-47.178	1	95.88	-46.70	102.62	-48.00	34.4	58.5	58.11	58.12	0.83	0.34
105.17°E 	5.0	105.13	-48.5	26.5	25	3	13.6	29.5	1	105.047	-48.605	1	105.220	-48.397	2	105.31	-48.69	102.88	-47.70	34.8	60.5	62.28	62.28	3.95	-0.43
105.25°E 	5.0	105.21	-48.81	34.8	30	2.5	19.6	29.5	2	105.067	-48.963	2	105.315	-48.691	1	106.12	-49.29	105.05	-48.61	34.8	60.5	62.3	62.31	2.75	-0.18
106.3°E 	5.0	106.28	-49.07	56.8	45	3	27.1	26.5	1	106.117	-49.288	2	106.462	-48.834	1	105.07	-48.96	106.64	-48.88	34.9	64	63.12	63.13	2.20	0.11
106.8°E 	5.0	106.838	-48.6	69.6	55	3	34.1	25.5	1	106.635	-48.878	1	107.027	-48.311	2	106.46	-48.83	108.57	-48.80	34.9	65	63.61	63.62	1.80	0.12
108.5°E 	5.0	108.48	-48.9	23.2	20	2.5	10.3	28	1	108.413	-48.982	1	108.567	-48.798	2	108.79	-49.10	107.03	-48.31	35.0	62	64.87	64.88	4.11	-0.34
114.5°E 	5.0	114.27	-49.97	70.2	20	2.5	55.9	19.5	1	113.990	-50.444	2	114.344	-49.848	1	108.79	-49.10	115.86	-49.98	35.2	70.5	69.31	69.32	4.11	0.49
116°E 	5.0	115.92	-49.87	36.3	25	4	13	19	1	115.862	-49.980	1	116.021	-49.674	1	114.34	-49.85	116.28	-49.73	35.2	71	70.59	70.6	5.25	0.46
116.3°E 	5.0	116.4	-49.49	58.5	55	4	28.1	18.3	1	116.279	-49.730	1	116.530	-49.232	2	116.02	-49.67	117.10	-49.36	35.2	72	70.97	70.98	2.40	0.09
Euroka 	5.0	126.15	-49.16	120.9	100	3	61.1	11	1	125.920	-49.830	2	126.308	-48.636	2	125.20	-49.61	127.47	-48.80	35.1	79	78.27	78.29	0.99	0.07
Birubi 	5.0	127.32	-49.27	158.2	90	4	104.5	12.5	2	127.002	-50.191	2	127.472	-48.798	1	139.50	-50.32	126.31	-48.64	35.0	77.5	79.18	79.2	1.47	-0.31
Tasman 	5.0	146.49	-55.23	156.8	96	2	103.1	354.6	1	146.285	-54.306	1	146.575	-55.712	1	140.80	-50.14	147.16	-55.83	33.5	95.4	95.51	95.52	0.69	0.33
O_TF	6.0	66.58	-10.1	76	25	2	39.9	52	1	66.296	-10.332	1	66.841	-9.895	1	66.62	-10.88	66.63	-9.59	17.8	38	38.58	33.98	2.64	-0.14
Twelve-south 	6.0	66	-11.8	107	90	8	57.5	55	1	65.571	-12.095	1	66.371	-11.536	1	66.73	-13.33	66.23	-11.3	18.2	35	36.69	33.12	2.93	-0.24
Argo 	6.0	66.23	-13.68	127.7	95	5	61.1	54.4	2	65.769	-14.000	1	66.730	-13.330	1	67.1	-15.4	65.57	-12.10	18.9	40	35.34	32.74	1.74	-0.37
UNN	6.0	67	-16.25	109.1	55	4	63.8	60	2	66.489	-16.548	1	67.368	-16.054	1	66.85	-17.06	67.1	-15.53	20.0	30	34.34	32.6	2.40	-0.13
Marie_Celeste 	6.0	66	-17.5	208.6	166	15	105.9	60	2	65.131	-17.975	2	66.854	-17.057	1	66.37	-20.23	66.49	-16.55	20.3	30	32.07	31.68	2.98	-0.12
Egeria 	6.0	66.55	-20.12	46.3	41	1	22.4	58	1	66.366	-20.229	2	66.740	-20.002	1	65.13	-17.97	67.00	-20.41	21.3	32	31.09	31.5	0.81	0.52
Egeria 	6.0	67.29	-20.24	64.6	51	1.1	35.7	58	1	66.999	-20.411	1	67.526	-20.105	1	66.74	-20.00	67.78	-20.43	21.5	32	31.97	31.94	0.71	0.18
Egeria 	6.0	67.9	-20.35	31.6	26	1.5	15.3	58	1	67.777	-20.427	1	68.027	-20.275	1	67.53	-20.11	68.25	-20.67	21.7	32	32.68	32.31	1.91	0.32
Gemino 	6.0	69.28	-22.75	37.3	21	2.5	25.7	58	2	69.082	-22.886	1	69.381	-22.699	1	70.04	-25.15	69.16	-22.24	22.7	32	32.94	32.75	3.92	-0.74
Chile_1	7.0	-108.33	-34.72	1113.9	55	3	85.8	106	1	-109.248	-34.561	1	-97.130	-36.290	1	-109.32	-33.65	-97.07	-37.01	24.7	-16	-11.25	-11.54	1.80	0.06
Chile_2	7.0	-107.3	-35	1113.9	140	10	184.5	102	1	-109.248	-34.561	1	-97.130	-36.290	1	-109.32	-33.65	-97.07	-37.01	24.7	-12	-9.87	-10.14	2.36	0.03
Chile_3	7.0	-105.5	-35.35	1113.9	157	10	352.6	98	1	-109.248	-34.561	1	-97.130	-36.290	1	-109.32	-33.65	-97.07	-37.01	24.8	-8	-8.25	-8.48	2.10	0.02
Chile_4	7.0	-103.2	-35.85	1113.9	171	10	567.8	96	1	-109.248	-34.561	1	-97.130	-36.290	1	-109.32	-33.65	-97.07	-37.01	24.8	-6	-6.17	-6.37	1.93	0.02
Chile_5	7.0	-100.9	-36.15	1113.9	167	10	777.1	92	1	-109.248	-34.561	1	-97.130	-36.290	1	-109.32	-33.65	-97.07	-37.01	24.8	-2	-4.1	-4.26	1.98	0.02
UNN_1	7.0	263.5	-37	79	56.8	1.7	50.6	89	1	-97.070	-37.010	1	-96.180	-37.000	1	-97.13	-36.29	-96.16	-37.11	24.9	1	-0.16	-0.24	0.99	0.11
UNN_2	7.0	-95.71	-37.1	71	56	1.3	39.9	89	1	-96.160	-37.110	1	-95.360	-37.100	1	-96.18	-37	-95.357	-37.25	25.0	1	0.55	0.48	0.77	0.05
UNN_3	7.0	-94.57	-37.32	81.4	74	1.5	40.8	88	1	-95.030	-37.340	1	-94.110	-37.310	1	-95.06	-37.24	-94.03	-38.35	25.0	2	1.57	1.51	0.67	0.21
UNN_4	7.0	-93	-38.42	65.2	62	1	32.7	87	1	266.625	-38.431	1	267.372	-38.397	1	-93.42	-38.33	267.4511719	-39.00040273	25.2	3	2.94	2.92	0.53	0.17
UNN_5	7.0	-92.05	-38.975	85.3	83	1.3	43.2	86.2	1	267.451	-39.000	1	268.436	-38.946	2	267.3720703	-38.39678309	-91.58	-40.23	25.2	4	3.77	3.76	0.52	0.25
Valdavia_1	7.0	-91.54	-41.09	45.5	41	2.1	24.4	84	1	-91.830	-41.110	2	-91.290	-41.070	1	-91.872	-40.246	-91.26	-41.23	25.5	6	4.17	4.17	1.69	0.17
Valdavia_2	7.0	269.22	-41.2	72.2	63.8	1.1	40.3	85	1	-91.260	-41.230	1	-90.400	-41.180	1	-91.29	-41.07	-90.39	-41.298	25.6	5	4.83	4.84	0.57	0.06
Valdavia_3	7.0	271.93	-41.321	108.3	54.2	1.7	81.2	83	1	-89.040	-41.390	1	-87.750	-41.290	1	-89.1	-41.198	-87.72	-41.51	25.6	7	7.18	7.22	1.04	0.08
Valdavia_4	7.0	-87.24	-41.46	171.6	78	1.5	40.4	83	1	-87.720	-41.510	1	-85.680	-41.310	1	-85.68	-41.31	-85.61	-41.56	25.6	7	7.89	7.94	0.64	0.33
Valdavia_5	7.0	-85.93	-41.35	171.6	41	1.5	150.3	81	1	-87.720	-41.510	1	-85.680	-41.310	1	-85.68	-41.31	-85.61	-41.56	25.6	9	9.02	9.1	1.21	0.14
Valdavia_6	7.0	-85.12	-41.49	83.7	57	1.2	41.5	80.6	1	-85.610	-41.560	1	-84.620	-41.430	1	-85.68	-41.31	-84.56	-41.59	25.7	9.5	9.71	9.8	0.70	0.06
UNN	7.0	276.75	-43.06	50.6	23.2	1.6	11.6	78.8	1	-83.390	-43.080	1	-82.780	-42.990	1	-83.77	-42.03	-81.91	-45	25.8	11.5	11.24	11.34	2.28	0.85
Guafo_1	7.0	-80.62	-44.81	287	200	7	103.8	78.5	1	-81.910	-45.000	1	-78.360	-44.450	1	-82.78	-42.99	282.1508789	-45.79204156	26.0	11.5	13.38	13.5	1.16	0.24
Guafo_2	7.0	-78.83	-44.527	287	75	7	249	75	1	-81.910	-45.000	1	-78.360	-44.450	1	-82.78	-42.99	282.1508789	-45.79204156	26.1	15	14.89	15.04	3.08	0.36
Guamblin 	7.0	-77.3	-45.68	76.6	63	1.5	44.4	73	1	282.151	-45.792	1	283.096	-45.596	1	-78.36	-44.45	283.3110352	-45.96947901	26.2	17	16.1	16.27	0.79	0.29
Darwin 	7.0	283.7	-45.886	54.7	46	1.5	31.7	73.5	1	283.311	-45.969	1	283.988	-45.829	1	283.0957031	-45.59559084	-75.814	-46.383	26.2	16.5	16.92	16.86	1.08	0.26
Bouvet 	8.0	1.83	-54.37	200	165	15	93.6	44	1	0.756	-54.937	1	3.006	-53.707	1	359.30	-54.67	5.63	-54.52	7.3	46	44.71	43.49	3.00	0.19
Islas_Orcadas 	8.0	6.1	-54.2	101.9	80	15	46.8	41	1	5.625	-54.521	1	6.662	-53.832	1	3.01	-53.71	8.05	-54.21	7.4	49	49.39	48.15	6.13	0.38
Shaka 	8.0	9	-53.5	198.3	180	15	100.6	39	1	8.051	-54.214	1	9.932	-52.824	1	6.66	-53.83	10.35	-52.99	7.5	51	52.76	51.59	2.75	0.10
Du_toit 	8.0	25.525	-53.009	138.7	95	5	62.6	21	1	25.189	-53.540	1	25.945	-52.376	1	14.66	-52.17	27.62	-52.80	8.1	68	68.82	67.93	1.74	0.78
Marion 	9.0	33.72	-46.45	107.9	85	5	53.6	16.5	1	33.508	-46.911	1	33.913	-45.982	1	32.59	-46.72	34.84	-46.13	7.1	73	73.9	73.29	1.94	0.17
Prince_Edward 	9.0	35.127	-45.408	163.9	160	12	83.6	13.5	1	34.844	-46.134	1	35.350	-44.703	1	33.91	-45.98	36.90	-44.84	7.1	76	75.26	74.99	2.48	0.27
Eric_Simpson 	9.0	39.3	-43.8	84	80	18	43.3	13	1	39.182	-44.176	1	39.393	-43.440	1	38.25	-44.06	41.59	-43.77	7.2	77	78.79	79.1	7.32	0.58
Fisher 	9.0	41.7	-43.3	113	100	15	53	10	1	41.590	-43.771	1	41.836	-42.773	1	39.39	-43.44	42.43	-42.84	7.2	80	80.63	81.12	4.93	0.34
DiscoveryII 	9.0	42.6	-41.9	218.9	190	15	105.5	7	1	42.434	-42.837	1	42.785	-40.887	1	41.84	-42.77	44.88	-40.99	7.3	83	81.54	82.4	2.61	0.14
Indomed 	9.0	46.2	-39.5	203.1	100	15	124.5	5	1	46.011	-40.614	1	46.213	-38.788	1	44.75	-40.53	48.58	-38.80	7.3	85	84.37	85.87	4.93	0.19
Novarra 	10.0	58.4	-31.45	43.4	35	5	22.3	359	1	58.395	-31.653	1	58.403	-31.264	1	57.03	-31.82	60.72	-30.17	6.9	91	93.28	91	4.69	-1.14
Melville 	10.0	60.776	-29.85	114.6	50	5	36.4	356	1	60.714	-29.110	1	60.814	-30.200	1	58.40	-31.26	64.92	-27.55	6.8	94	93.7	94	3.30	-0.89
Owen 	11.0	58.25	12.5	305.6	45	4	279.5	24	2	57.006	10.298	1	58.324	12.735	1	58.13	9.55	57.30	13.30	10.7	66	65.31	66	2.93	-0.33
Owen 	11.0	57.9	11.5	305.6	190	35	165.1	30	2	57.006	10.298	1	58.324	12.735	1	58.13	9.55	57.30	13.30	10.8	60	63.47	60	6.03	-0.10
TF_Vii	12.0	48	12.6	36.7	18	3	18.8	23.5	1	47.922	12.447	1	48.059	12.752	1	47.54	12.58	48.23	12.71	9.2	66.5	60.89	63.83	5.46	0.17
TF_iV	12.0	49.3	13.1	31.7	24.7	5	12.4	27.5	1	49.254	12.996	1	49.386	13.249	1	49.03	13.03	49.56	13.21	9.6	62.5	63.01	64.21	6.61	0.20
TF_iii	12.0	49.6	13.3	28.7	20	5	10.9	28.5	1	49.557	13.214	1	49.680	13.440	1	49.39	13.25	50.21	13.30	9.6	61.5	63.65	64.34	8.10	0.28
Alula- Fartak 	12.0	51.7	13.8	172.1	170	15	86.1	26	1	51.363	13.103	1	52.058	14.494	1	50.69	13.35	52.46	14.37	10.3	64	66.02	64.69	2.91	0.16
Socotra 	12.0	53.83	14.47	35.2	21	2.5	15.4	21.5	1	53.776	14.341	1	53.908	14.635	1	53.43	14.45	54.12	14.55	10.9	68.5	68.36	65.06	3.92	0.19
Molloy 	13.0	4.5	78.87	126.6	32	3	62.8	125	1	2.020	79.180	1	6.820	78.520	1	3.55	79.69	8.23	73.77	7.0	-35	-37.68	-36.22	3.09	0.45
Splitsbergen 	13.0	1	80	134.4	120	12	73.7	124	1	-2.190	80.380	1	3.550	79.690	2	-2.18	81.1	2.02	79.18	6.9	-34	-35.87	-34.16	3.30	0.13
Jan_Mayen 	13.0	-9	71.3	203.2	100	8	111.4	114	2	-11.920	71.680	1	-6.660	70.970	1	-16.96	68.75	-5.19	71.52	8.3	-24	-23.61	-22.48	2.64	-0.22
Charlie_Gibbs1	13.0	-33.25	52.65	240.1	80	8	142	95.9	1	324.659	52.819	1	328.192	52.531	1	-34.39	56.8	328.0913086	52.16315031	10.6	-5.9	-6.31	-4.79	3.30	0.17
Charlie_Gibbs2	13.0	-30.85	52.1	128.3	60	8	72.6	95.5	1	328.091	52.163	1	329.959	52.042	1	328.19	52.53	-30	50.88	10.7	-5.5	-7.52	-6.13	4.38	0.15
Oceanographer 	14.0	-35.61	35.16	121.4	55	3	63.4	104.5	2	-36.290	35.290	1	325.006	35.037	1	-36.62	34.56	-34.8	35.64	12.9	-14.5	-13.16	-15.34	1.80	-0.13
Hayes 	14.0	-38.65	33.657	69.6	50	3	32.7	104.3	2	321.005	33.728	1	321.741	33.582	1	-42.03	29.99	-37.67	34.14	13.0	-14.5	-12.97	-13.58	1.98	-1.02
Atlantis 	14.0	-42.32	30.05	63.3	38	2.5	34.6	103	2	-42.670	30.120	1	-42.030	29.990	2	-46.37	23.86	-42	30.54	13.1	-13	-12.49	-11.47	2.17	-1.22
Kane 	14.0	-45.62	23.74	144.6	90	4	77.5	99	1	-46.370	23.856	1	-44.970	23.640	2	-42.67	30.12	313.39	15.37106858	13.1	-9	-11.8	-9.68	1.47	0.93
Fifteen-Twenty 	15.0	-45.8	15.3	169.3	75	5	87.2	95.5	1	313.394	15.371	1	314.965	15.208	1	-44.97	23.64	-44.87	12.69	11.8	-5.5	-4.52	-4.67	2.20	0.71
Marathon 	15.0	-44.5	12.65	84.8	70	3	39.1	93	1	-44.860	12.670	1	-44.080	12.620	1	-45.04	15.2	-44.09	12.18	12.3	-3	-3.49	-3.63	1.42	0.57
Vema 	15.0	-42.3	10.8	312.6	300	12	154.1	91.5	1	-43.710	10.850	1	-40.850	10.750	1	-43.76	12.1	-40.94	10.15	12.6	-1.5	-2.01	-2.13	1.32	0.13
Doldrums1	15.0	-40.02	8.83	110.1	85	8	53.7	91	1	319.491	8.837	1	320.493	8.824	1	-40.52	9.38	320.4008789	8.207140823	12.9	-1	-0.55	-0.65	3.10	0.14
Doldrums2	15.0	-38.81	8.2	174.1	150	8	86.9	91	1	320.401	8.207	1	321.983	8.181	1	320.4931641	8.824281469	-38.09	7.8	13.0	-1	0.2	0.1	1.76	0.09
Doldrums3 	15.0	-37.37	7.75	146.2	125	8	71.8	90	1	321.979	7.737	1	323.306	7.741	1	-38.09	8.19	-36.74	7.55	13.1	0	1.07	0.98	2.11	0.07
Doldrums4	15.0	-35.66	7.45	225.8	205	8	112.6	90	1	323.319	7.445	1	325.367	7.454	1	-36.76	7.76	-34.68	7.22	13.2	0	2.1	2.02	1.29	0.04
Bogdanov 	15.0	-34.25	7.16	75.3	45	6	39.9	87	1	325.389	7.140	1	326.070	7.175	1	-34.69	7.44	-33.785	6.25	13.2	3	2.94	2.87	4.38	0.20
Strakhov 	15.0	-32.09	3.93	109.9	84	4	54.9	86.5	1	327.417	3.895	1	328.406	3.954	1	-32.87	5.53	-31.25	2.64	13.8	3.5	4.07	4.01	1.57	0.37
St_Paul1	15.0	-27.123	0.861	145.4	40	2	92.2	82.5	1	332.302	0.831	1	333.605	0.945	1	-27.73	1.07	-26.38	0.7	14.3	7.5	6.8	6.77	1.65	0.04
St_Paul2	15.0	-25.8	0.7	91.4	50	8	57.6	80	1	333.683	0.664	1	-25.500	0.760	1	-26.49	1.01	-25.51	0.6	14.4	10	7.37	7.34	5.25	0.07
St_Paul3 	15.0	-25.2	0.6	41.7	20	5	29.2	81	1	-25.460	0.560	1	-25.090	0.620	1	-25.53	0.79	-25.12	0.48	14.4	9	7.68	7.66	8.10	0.11
Romanche1	15.0	-23.2	-1.01	898.6	260	12	148.9	83.1	1	335.466	-1.171	1	343.434	0.226	1	-24.99	0.48	-15.94	-1.53	14.6	6.9	8.61	8.6	1.53	0.10
Romanche2	15.0	-20.8	-0.67	898.6	260	8	418.4	80.4	1	335.466	-1.171	1	343.434	0.226	1	-24.99	0.48	-15.94	-1.53	14.6	9.6	9.88	9.88	1.02	0.04
Romanche3	15.0	-18.4	-0.2	898.6	260	12	690	77.6	1	335.466	-1.171	1	343.434	0.226	1	-24.99	0.48	-15.94	-1.53	14.6	12.4	11.13	11.15	1.53	0.07
Chain 	15.0	-14.45	-1.22	306.1	250	10	161.7	76	1	344.141	-1.580	1	346.814	-0.920	1	-16.65	0.21	-12.94	-2.03	14.9	14	12.96	12.97	1.32	0.15
Ascension1	15.0	-12.15	-6.88	201.9	180	5	99.7	77	2	346.966	-7.083	1	348.750	-6.665	1	-13.06	-7.3	-11.61	-4.93	15.5	13	13.5	13.54	0.92	-0.16
Ascension2	15.0	-13.26	-7.37	55.1	40	5	27.9	77	2	346.493	-7.428	1	346.977	-7.315	1	-13.45	-8.17	-13.09	-7.08	15.5	13	12.96	12.99	4.11	-0.22
BodaVerde 	15.0	-13.68	-11.64	167	140	8	85.7	79	2	-14.450	-11.800	1	347.054	-11.506	2	-14.39	-12.17	-13.75	-8.45	15.9	11	12.49	12.51	1.89	-0.18
Bagration 	15.0	-13.8	-16.3	128.4	105	3	56	77	2	-14.310	-16.420	2	346.860	-16.147	1	-14.05	-17.86	-13.67	-14.13	16.1	13	12.21	12.23	0.94	-0.30
RioGrande 	15.0	-13.74	-25.66	38.7	25	5	18.9	72	2	-13.920	-25.710	2	346.447	-25.610	1	-13.85	-24.96	-13.11	-28.25	16.4	18	12.05	12.05	6.53	-0.88
UNNa1	15.0	-12.89	-28.22	52	25	3	34.8	74	1	346.767	-28.308	2	347.282	-28.181	2	-13.92	-25.71	-12.52	-28.77	16.4	16	12.43	12.44	3.95	0.30
UNNa2	15.0	-12.8	-28.88	61.1	45	6	30	76	2	346.904	-28.939	1	347.515	-28.812	2	-13.13	-29.11	-12.71	-28.14	16.4	14	12.47	12.48	4.38	-0.11
UNNa3	15.0	-13.42	-29.2	70.9	65	10	34.2	78	2	346.234	-29.258	1	346.948	-29.125	1	-13.69	-29.71	-13.17	-28.93	16.4	12	12.2	12.21	5.05	-0.16
Cox 	15.0	-13.92	-32.26	91.1	50	5	32.1	80	2	-14.260	-32.320	1	346.693	-32.174	1	-14.36	-33.45	-13.53	-30.66	16.3	10	12.02	12.02	3.30	-0.37
Meteor 	15.0	-14.81	-34.16	68	50	4	37.6	79.5	2	-15.210	-34.230	1	345.516	-34.115	1	-15.03	-34.62	-14.6	-33.6	16.3	10.5	11.65	11.65	2.64	-0.18
UNNb1	15.0	-15.72	-35.28	245.3	85	10	194.6	78	2	-17.820	-35.650	1	344.826	-35.185	1	-17	-38.53	-15.26	-34.8	16.2	12	11.26	11.25	3.87	-0.14
UNNb2	15.0	-12.2	-47.32	214.8	150	15	84.9	73	1	346.720	-47.541	1	349.436	-46.962	1	-13.66	-46.18	350.1342773	-49.30220301	15.4	17	13.6	13.59	3.30	0.24
UNNb3	15.0	-9.11	-49.12	111.9	90	15	58.5	70	1	350.134	-49.302	1	351.584	-48.966	1	349.4355469	-46.9622603	-7.77	-50.13	15.1	20	15.29	15.29	5.46	0.44
